[lilli2.jpg]
filters=enhance=1;finetune2=1,0.438596,0.000000,0.000000,00000000,0.064327;dir_tint=1,0.500000,0.500000,0.250000,0.029240,ffffffff;
moddate=00a2884176bfca01
width=600
height=450
textactive=0
